      0/49     1.35G   0.08136    0.1376   0.06457    0.2835        10       256   0.03066   0.08333   0.09264   0.04239   0.04126   0.08851   0.04703
      1/49     1.94G    0.0616    0.1334   0.06284    0.2578         8       256   0.02438   0.08483   0.06735   0.02791   0.04123   0.08013   0.04601
      2/49     1.94G   0.05553     0.131   0.06231    0.2489        12       256   0.02007 0.0009708    0.1245   0.06187   0.03562    0.0654   0.04492
      3/49     1.94G   0.05101    0.1243   0.06204    0.2373         9       256    0.1241    0.0501   0.09022    0.0457   0.03681   0.07201   0.04548
      4/49     1.94G   0.04681    0.1212   0.06146    0.2295         3       256    0.1885    0.3136    0.1829    0.1126   0.02758   0.05527   0.04375
      5/49     1.94G   0.04433    0.1166   0.06101    0.2219        16       256   0.05323    0.2696   0.05942   0.02919   0.03214    0.2118   0.04842
      6/49     1.94G   0.04386    0.1175    0.0605    0.2218         8       256    0.1051    0.1718    0.1881    0.1178   0.02726   0.05959   0.04301
      7/49     1.94G   0.04245    0.1124   0.06006    0.2149        10       256    0.1858    0.4797    0.2054    0.1375   0.02572    0.0581   0.04145
      8/49     1.94G   0.04014    0.1129   0.05928    0.2123         8       256    0.1975     0.657    0.2828     0.189   0.02474   0.04984   0.04155
      9/49     1.94G   0.03977    0.1082   0.05851    0.2065        12       256     0.256    0.6399    0.2726     0.163   0.02751   0.05354   0.04093
     10/49     1.94G   0.03812     0.105   0.05749    0.2006         9       256    0.2012    0.6366    0.2956    0.1941   0.02477   0.04894    0.0388
     11/49     1.94G   0.03808    0.1059   0.05686    0.2009        12       256    0.1944    0.6593    0.3444    0.2288   0.02606    0.0496   0.03756
     12/49     1.94G   0.03733    0.1059   0.05606    0.1993        12       256    0.2256    0.6693    0.3322    0.2403    0.0216   0.04659    0.0396
     13/49     1.94G   0.03689    0.1039   0.05566    0.1965        13       256    0.1835    0.7113    0.3367    0.1997    0.0249   0.05503   0.03808
     14/49     1.94G   0.03643    0.1026     0.055    0.1941         8       256    0.1924    0.6776    0.3359    0.2001   0.02535   0.05064     0.037
     15/49     1.94G   0.03679    0.1076   0.05462     0.199        12       256     0.212    0.7321    0.3971    0.2846   0.02251   0.04894   0.03586
     16/49     1.94G   0.03566   0.09975   0.05329    0.1887         8       256    0.2236    0.7119    0.4276    0.3187   0.02122   0.04547   0.03613
     17/49     1.94G   0.03532    0.1005   0.05371    0.1896         6       256    0.2222    0.7638    0.3798    0.2817   0.02153    0.0444   0.03652
     18/49     1.94G   0.03531    0.1027   0.05293    0.1909        10       256    0.2328    0.7592    0.4401    0.3381   0.02134   0.04686   0.03547
     19/49     1.94G    0.0346   0.09908   0.05178    0.1855         5       256    0.2494    0.7288     0.439     0.331   0.02103   0.04633   0.03387
     20/49     1.94G   0.03375   0.09748    0.0512    0.1824         5       256    0.2494    0.7176    0.4309    0.2978   0.02225   0.04595   0.03401
     21/49     1.94G    0.0336   0.09606   0.05129    0.1809         8       256    0.2783    0.7009    0.4341    0.3182   0.02172   0.04362   0.03471
     22/49     1.94G   0.03327   0.09676   0.05061    0.1806         8       256    0.2489    0.7541    0.4405    0.3111   0.02112    0.0466   0.03329
     23/49     1.94G   0.03192   0.09245   0.05012    0.1745        18       256    0.2597    0.7314    0.4307    0.3156   0.02119   0.04923   0.03279
     24/49     1.94G   0.03288   0.09539   0.05016    0.1784         9       256    0.2835    0.7388    0.4065    0.2851   0.02119   0.04517   0.03368
     25/49     1.94G   0.03254   0.09596   0.04973    0.1782         5       256    0.2648    0.7644    0.4978    0.3623   0.01971   0.04252    0.0324
     26/49     1.94G   0.03209   0.09206   0.04915    0.1733         9       256    0.2653    0.7359    0.4842    0.3771   0.01979   0.04284   0.03248
     27/49     1.94G   0.03191   0.09236   0.04867    0.1729        10       256    0.3022    0.7243    0.4709    0.3592   0.02026   0.04628   0.03257
     28/49     1.94G   0.03123   0.09068   0.04839    0.1703        10       256    0.2856    0.7415     0.496      0.37   0.02052   0.04505    0.0321
     29/49     1.94G   0.03155   0.09272    0.0486    0.1729         7       256    0.2789    0.7325    0.4743    0.3615   0.02019   0.04513   0.03149
     30/49     1.94G   0.03095   0.09164   0.04833    0.1709         6       256    0.2832     0.766    0.5286    0.4109   0.01932   0.04316   0.03098
     31/49     1.94G    0.0311   0.09208   0.04813    0.1713        11       256    0.2892    0.7559    0.5002    0.4005   0.01926   0.04491   0.03258
     32/49     1.94G   0.03057   0.09145   0.04802      0.17         5       256    0.2688     0.765    0.4989    0.3774   0.02035   0.04462   0.03069
     33/49     1.94G   0.03089   0.09133   0.04749    0.1697        15       256    0.2899    0.7459    0.5114    0.3966   0.01947   0.04145   0.03119
     34/49     1.94G   0.02937   0.08757   0.04691    0.1638        15       256    0.3005    0.7605    0.5289    0.4303   0.01868   0.04377   0.02985
     35/49     1.94G   0.03001    0.0907   0.04703    0.1677         8       256    0.2969    0.7503    0.5473    0.4451   0.01911   0.04222   0.03008
     36/49     1.94G   0.02874   0.08867   0.04576    0.1632         7       256    0.2778     0.759    0.5603     0.455   0.01856   0.04252   0.02994
     37/49     1.94G   0.02951   0.08782   0.04582    0.1632         9       256    0.2793    0.7758    0.5766    0.4592   0.01851   0.04124   0.02921
     38/49     1.94G   0.02958   0.09092   0.04545    0.1659         8       256    0.3047    0.7608    0.5717    0.4551   0.01902    0.0429    0.0296
     39/49     1.94G   0.02843   0.08589   0.04511    0.1594        10       256     0.276    0.7835    0.5955    0.4844   0.01842   0.04141   0.02842
     40/49     1.94G   0.02872   0.08803   0.04506    0.1618         8       256    0.2914    0.7844    0.5867    0.4805   0.01898   0.04228   0.02827
     41/49     1.94G   0.02872    0.0884   0.04441    0.1615         6       256    0.3123    0.7817    0.6064    0.4932   0.01894   0.04088   0.02765
     42/49     1.94G   0.02827     0.087   0.04452    0.1598        16       256    0.3141    0.7959    0.6162    0.5015   0.01816   0.04021   0.02763
     43/49     1.94G   0.02801   0.08591    0.0437    0.1576        11       256    0.3092    0.7975    0.6072    0.4868   0.01791   0.03916   0.02752
     44/49     1.94G    0.0278   0.08507   0.04345    0.1563         9       256    0.2939    0.8039    0.6062    0.4816   0.01814   0.04157   0.02738
     45/49     1.94G   0.02772   0.08326   0.04311    0.1541        13       256    0.2953    0.7835    0.6185     0.499   0.01816   0.04147   0.02729
     46/49     1.94G   0.02784   0.08295   0.04321     0.154        13       256    0.3047    0.7829    0.6158       0.5   0.01843   0.04065   0.02689
     47/49     1.94G     0.028   0.08587    0.0438    0.1577        12       256    0.3243    0.7871    0.6331     0.521   0.01791   0.03976   0.02686
     48/49     1.94G   0.02731   0.08267   0.04243    0.1524         6       256    0.3143    0.7988    0.6295    0.5245   0.01698   0.03926   0.02641
     49/49     1.94G   0.02621   0.08108   0.04174     0.149         9       256    0.3056    0.7973    0.6432    0.5336   0.01697   0.04019   0.02644
